-0.0003731250762939453   1
-0.0817861557006836      2
-0.08020877838134766     3
-0.10461616516113281     4
-0.1121070384979248      5
-0.14044976234436035     6
-0.1610550880432129      7
-0.22460722923278809     8
-0.20189476013183594     9
-0.2005162239074707      10
-0.2565028667449951      11
-0.30918097496032715     12
-0.2865469455718994      13
-0.2879371643066406      14
-0.3352229595184326      15
-0.3101038932800293      16
-0.31894803047180176     17
-0.3815579414367676      18
-0.3530890941619873      19
-0.3767399787902832      20
-0.4350299835205078      21
-0.3957328796386719      22
-0.4297802448272705      23
-0.42763590812683105     24
-0.44849276542663574     25
-0.4681379795074463      26
-0.4806792736053467      27
-0.519542932510376       28
-0.535102128982544       29
-0.5322318077087402      30
-0.547508955001831       31
-0.6048803329467773      32
-0.6268606185913086      33
-0.6279563903808594      34
-0.6055576801300049      35
-0.6314222812652588      36
-0.631394624710083       37
-0.6670851707458496      38
-0.6721551418304443      39
-0.7004737854003906      40
-0.712144136428833       41
-0.7686359882354736      42
-0.8142378330230713      43
-0.8058130741119385      44
-0.8007678985595703      45
-0.8142092227935791      46
-0.7968909740447998      47
-0.8159968852996826      48
-0.8264369964599609      49
-0.8549821376800537      50
-0.8504898548126221      51
-0.8958189487457275      52
-0.927649974822998       53
-0.9126920700073242      54
-0.9563131332397461      55
-0.9856030941009521      56
-1.0063388347625732      57
-1.0066349506378174      58
-1.0410239696502686      59
-1.049185037612915       60
-1.0271332263946533      61
-1.0311858654022217      62
-1.0689549446105957      63
-1.0444588661193848      64
-1.0743412971496582      65
-1.0737619400024414      66
-1.1110007762908936      67
-1.1478731632232666      68
-1.1502749919891357      69
-1.1701712608337402      70
-1.24210786819458        71
-1.2561988830566406      72
-1.2598609924316406      73
-1.2839040756225586      74
-1.2741649150848389      75
-1.278480052947998       76
-1.2563750743865967      77
-1.3331108093261719      78
-1.3749721050262451      79
-1.4776678085327148      80
-1.4088971614837646      81
-1.4720969200134277      82
-1.4639310836791992      83
-1.4640021324157715      84
-1.4759807586669922      85
-1.452085018157959       86
-1.4931089878082275      87
-1.5062172412872314      88
-1.5474858283996582      89
-1.5445609092712402      90
-1.5969469547271729      91
-1.5383920669555664      92
-1.5971660614013672      93
-1.6493871212005615      94
-1.6683969497680664      95
-1.7794010639190674      96
-1.6912519931793213      97
-1.6246540546417236      98
-1.711806058883667       99
-1.7275466918945312      100
-1.800842046737671       101
-1.7988591194152832      102
-1.8158907890319824      103
-1.8962101936340332      104
-1.911942958831787       105
-1.8765308856964111      106
-1.888188123703003       107
-1.8872568607330322      108
-1.8949670791625977      109
-1.8731682300567627      110
-1.9805068969726562      111
-1.9067800045013428      112
-1.9665119647979736      113
-1.8810408115386963      114
-1.9626359939575195      115
-1.9758481979370117      116
-2.2523958683013916      117
-2.132028102874756       118
-2.210268020629883       119
-2.4261510372161865      120
-2.1320810317993164      121
-2.050116777420044       122
-2.1495110988616943      123
-2.044163942337036       124
-2.1581990718841553      125
-2.1956138610839844      126
-2.251749038696289       127
-2.2161550521850586      128
-2.243345022201538       129
-2.199208974838257       130
-2.2860329151153564      131
-2.146719217300415       132
-2.1930229663848877      133
-2.235105037689209       134
-2.1972849369049072      135
-2.2328760623931885      136
-2.29986310005188        137
-2.356921672821045       138
-2.365225315093994       139
-2.2737889289855957      140
-2.360346794128418       141
-2.4411749839782715      142
-2.499688148498535       143
-2.382593870162964       144
-2.3535423278808594      145
-2.4387378692626953      146
-2.368731737136841       147
-2.4525203704833984      148
-2.5137946605682373      149
-2.552147150039673       150
-2.5462000370025635      151
-2.49980092048645        152
-2.5649380683898926      153
-2.6025757789611816      154
-2.6833231449127197      155
-2.7360122203826904      156
-2.722726821899414       157
-2.6395950317382812      158
-2.681581974029541       159
-2.771794080734253       160
-2.7989118099212646      161
-2.7572600841522217      162
-2.7783820629119873      163
-3.0475270748138428      164
-2.95100474357605        165
-2.9679181575775146      166
-2.9662749767303467      167
-3.0319271087646484      168
-2.93463397026062        169
-2.991116762161255       170
-2.912903308868408       171
-3.0347976684570312      172
-2.9681951999664307      173
-2.9841420650482178      174
-3.0761380195617676      175
-3.0066287517547607      176
-3.0118231773376465      177
-3.0995588302612305      178
-3.103421211242676       179
-3.2204768657684326      180
-3.1195809841156006      181
-3.0375020503997803      182
-3.11035418510437        183
-3.143122911453247       184
-3.13144588470459        185
-3.2140581607818604      186
-3.090683937072754       187
-3.1127378940582275      188
-3.165343999862671       189
-3.161691188812256       190
-3.2255990505218506      191
-3.1930768489837646      192
-3.2076549530029297      193
-3.238100051879883       194
-3.2807090282440186      195
-3.26180100440979        196
-3.3132998943328857      197
-3.3404979705810547      198
-3.322148084640503       199
-3.349586009979248       200
-3.3685171604156494      201
-3.4086008071899414      202
-3.4097487926483154      203
-3.3886871337890625      204
-3.4712440967559814      205
-3.509859085083008       206
-3.5392558574676514      207
-3.3948700428009033      208
-3.558048963546753       209
-3.5287201404571533      210
-3.4761059284210205      211
-3.4838740825653076      212
-3.486943006515503       213
-3.536022901535034       214
-3.6125898361206055      215
-3.543426036834717       216
-3.642191171646118       217
-3.8558731079101562      218
-3.6762187480926514      219
-3.6565299034118652      220
-4.43459415435791        221
-4.344351053237915       222
-3.9965548515319824      223
-3.7635180950164795      224
-3.848275899887085       225
-3.7410569190979004      226
-3.809178113937378       227
-3.760554075241089       228
-3.803277015686035       229
-3.868762969970703       230
-3.848040819168091       231
-3.93041729927063        232
-3.9961957931518555      233
-4.037244081497192       234
-4.000575065612793       235
-3.9614200592041016      236
-3.994241952896118       237
-4.092606067657471       238
-4.373273849487305       239
-4.068756103515625       240
-4.222513914108276       241
-4.258368015289307       242
-4.092998027801514       243
-4.024315118789673       244
-4.079113960266113       245
-4.097351789474487       246
-4.1749022006988525      247
-4.281054973602295       248
-4.459153890609741       249
-4.544373989105225       250
-4.309293985366821       251
-4.450258016586304       252
-4.569411039352417       253
-4.46232008934021        254
-4.339339733123779       255
-4.266816139221191       256
-4.3522350788116455      257
-4.339092969894409       258
-4.416766881942749       259
-4.41566014289856        260
-4.415721893310547       261
-4.391479969024658       262
-4.4743711948394775      263
-4.417843818664551       264
-4.570107936859131       265
-4.428352117538452       266
-4.653980016708374       267
-4.521043062210083       268
-4.608464956283569       269
-4.647036075592041       270
-4.584268093109131       271
-4.529437780380249       272
-4.6444220542907715      273
-4.624023914337158       274
-4.6534271240234375      275
-4.624811887741089       276
-4.607995271682739       277
-4.732903957366943       278
-4.74688196182251        279
-4.810617923736572       280
-4.824506044387817       281
-4.853635787963867       282
-4.708070278167725       283
-4.753907918930054       284
-4.735796928405762       285
-4.794919013977051       286
-4.74506688117981        287
-4.775269269943237       288
-4.818830728530884       289
-4.856572151184082       290
-4.906513929367065       291
-4.9300360679626465      292
-5.025917053222656       293
-5.079463005065918       294
-5.016126871109009       295
-4.869006156921387       296
-4.837333917617798       297
-4.98362398147583        298
-4.939416885375977       299
-4.989933967590332       300
-5.057488203048706       301
-4.9691479206085205      302
-5.046733140945435       303
-5.102710962295532       304
-5.011988878250122       305
-5.0954132080078125      306
-5.126285791397095       307
-5.100786209106445       308
-5.171338796615601       309
-5.284086227416992       310
-5.174311876296997       311
-5.178560972213745       312
-5.307928800582886       313
-5.291072130203247       314
-5.300244092941284       315
-5.335649728775024       316
-5.455521106719971       317
-5.311563968658447       318
-5.249462127685547       319
-5.313137054443359       320
-5.322699069976807       321
-5.316269874572754       322
-5.301023960113525       323
-5.291962146759033       324
-5.3204569816589355      325
-5.352399826049805       326
-5.451977968215942       327
-5.5133280754089355      328
-5.481481075286865       329
-5.410334825515747       330
-5.506453990936279       331
-5.4842541217803955      332
-5.547110080718994       333
-5.5886547565460205      334
-5.473973989486694       335
-5.49907112121582        336
-5.561280965805054       337
-5.615202188491821       338
-5.658961057662964       339
-5.5453269481658936      340
-5.649694919586182       341
-5.625744104385376       342
-5.681765794754028       343
-5.686398029327393       344
-5.64267110824585        345
-5.662519931793213       346
-5.725553035736084       347
-5.77034592628479        348
-5.849318981170654       349
-5.781064033508301       350
-5.750011920928955       351
-5.746701240539551       352
-5.832788944244385       353
-5.8071370124816895      354
-5.852737903594971       355
-5.95806097984314        356
-5.929402112960815       357
-5.93363881111145        358
-5.909638166427612       359
-6.051463842391968       360
-5.898553133010864       361
-5.985412836074829       362
-6.008512020111084       363
-6.002029180526733       364
-6.034268856048584       365
-6.0215232372283936      366
-5.977608919143677       367
-6.180545806884766       368
-6.140407085418701       369
-6.156970024108887       370
-6.099898099899292       371
-6.031023740768433       372
-6.155259132385254       373
-6.189090013504028       374
-6.210313081741333       375
-6.1080451011657715      376
-6.12639594078064        377
-6.28799295425415        378
-6.296357870101929       379
-6.4592390060424805      380
-6.329617023468018       381
-6.385638952255249       382
-6.306175947189331       383
-6.347612142562866       384
-6.418982028961182       385
-6.335777044296265       386
-6.509071111679077       387
-6.364332675933838       388
-6.57285213470459        389
-6.414413928985596       390
-6.428093910217285       391
-7.015627145767212       392
-6.700185060501099       393
-6.536823034286499       394
-6.4517529010772705      395
-6.45528507232666        396
-6.553323984146118       397
-6.539214849472046       398
-6.657241106033325       399
-6.550945043563843       400
-6.816195011138916       401
-6.692519903182983       402
-6.607034206390381       403
-6.5967278480529785      404
-6.636861085891724       405
-6.6678009033203125      406
-6.7209999561309814      407
-6.783738136291504       408
-6.813055992126465       409
-6.802132844924927       410
-7.2518651485443115      411
-6.80624794960022        412
-6.739836931228638       413
-6.89502215385437        414
-6.951031923294067       415
-6.895792007446289       416
-6.94955587387085        417
-6.860253095626831       418
-7.523422002792358       419
-7.705475807189941       420
-7.4361021518707275      421
-6.852543115615845       422
-6.8888139724731445      423
-6.9210450649261475      424
-6.9572649002075195      425
-6.943440914154053       426
-6.903615951538086       427
-6.994310140609741       428
-7.238454103469849       429
-7.122119903564453       430
-7.555325984954834       431
-7.369081020355225       432
-7.237527132034302       433
-7.555260896682739       434
-7.556633949279785       435
-7.638049840927124       436
-7.789348125457764       437
-8.053756952285767       438
-7.7697179317474365      439
-7.940291166305542       440
-8.18401575088501        441
-7.235879182815552       442
-7.194606065750122       443
-7.195451974868774       444
-7.535967111587524       445
-7.421116828918457       446
-7.375613212585449       447
-7.3289878368377686      448
-7.523279190063477       449
-7.566925764083862       450
-7.468423128128052       451
-7.5736000537872314      452
-7.608605861663818       453
-7.517859935760498       454
-7.486929178237915       455
-7.39423680305481        456
-7.502329111099243       457
-7.472178936004639       458
-7.509007930755615       459
-7.534990072250366       460
-7.585385084152222       461
-7.627269983291626       462
-7.834943056106567       463
-7.711910963058472       464
-7.815804958343506       465
-7.698379993438721       466
-7.776679039001465       467
-7.888718843460083       468
-7.821209192276001       469
-7.684678792953491       470
-7.688321113586426       471
-7.938220024108887       472
-7.894213914871216       473
-7.828230142593384       474
-7.766878843307495       475
-7.796385049819946       476
-7.8611650466918945      477
-7.939020156860352       478
-7.853421688079834       479
-7.87179708480835        480
-7.9181201457977295      481
-7.999540090560913       482
-8.002764701843262       483
-8.146328210830688       484
-7.926587104797363       485
-7.992814779281616       486
-8.020604133605957       487
-8.1180899143219         488
-8.1183021068573         489
-8.0257568359375         490
-8.134791851043701       491
-8.260154247283936       492
-8.149341821670532       493
-8.104593276977539       494
-8.117242813110352       495
-8.105626106262207       496
-8.292955875396729       497
-8.162991285324097       498
-8.333974599838257       499
-8.210054159164429       500